0.01 -5.282184966637577e-006
0.02 -3.068697902113551e-005
0.03 -8.761290003402202e-005
0.04 -0.0001734059303878985
0.05 -0.0002796607884502616
0.06000000000000001 -0.0003990684339574765
0.07000000000000001 -0.0005260849984041694
0.08 -0.000657463269158739
0.09 -0.0007915462580557879
0.09999999999999999 -0.000927674332406598
0.11 -0.001062674339919357
0.12 -0.001188008176118287
0.13 -0.001298531053053222
0.14 -0.001399629861335035
0.15 -0.001500053284114495
0.16 -0.001606011699912612
0.17 -0.001718570739472238
0.18 -0.001831563937447292
0.19 -0.001936403841177387
0.2 -0.002026041942674133
0.2100000000000001 -0.002098430413269235
0.2200000000000001 -0.002159310193390401
0.2300000000000001 -0.002216250740228969
0.2400000000000001 -0.00227375422265281
0.2500000000000001 -0.002332425815835325
0.2600000000000001 -0.002388329825880592
0.2700000000000001 -0.002436158043291308
0.2800000000000001 -0.002471835949888401
0.2900000000000001 -0.002494205735744887
0.3000000000000001 -0.002506377923554441
0.3100000000000001 -0.002511859407106461
0.3200000000000001 -0.002511380878008711
0.3300000000000001 -0.002504235109184032
0.3400000000000001 -0.002489386296628882
0.3500000000000001 -0.002467090380961078
0.3600000000000002 -0.002440210672467677
0.3700000000000002 -0.002411491446309548
0.3800000000000002 -0.002381328273927475
0.3900000000000002 -0.002349726165271298
0.4000000000000002 -0.002317907150279173
0.4100000000000002 -0.002285868011463542
0.4200000000000002 -0.002250393248003324
0.4300000000000002 -0.00220796245674562
0.4400000000000002 -0.002157134011237436
0.4500000000000002 -0.002097385134438244
0.4600000000000002 -0.002028154791652615
0.4700000000000003 -0.001951416919838827
0.4800000000000003 -0.001873764320850456
0.4900000000000003 -0.001801207967904316
0.5000000000000002 -0.001734925149591198
0.5100000000000002 -0.001674526900982879
0.5200000000000002 -0.001620746667326318
0.5300000000000003 -0.001573035415394475
0.5400000000000003 -0.001527604015084459
0.5500000000000003 -0.001481644865488253
0.5600000000000003 -0.001436777798183806
0.5700000000000003 -0.001394833086101901
0.5800000000000003 -0.001354396211625216
0.5900000000000003 -0.001314200465738853
0.6000000000000003 -0.001275901193740984
0.6100000000000003 -0.001241902712580038
0.6200000000000003 -0.001213570907595736
0.6300000000000003 -0.001191185300961382
0.6400000000000004 -0.001173907880550951
0.6500000000000004 -0.001160678168894187
0.6600000000000004 -0.001150946218260448
0.6700000000000004 -0.001146389216492441
0.6800000000000004 -0.00115229495500394
0.6900000000000004 -0.001170709237456008
0.7000000000000004 -0.00119485455638554
0.7100000000000004 -0.00121798905934424
0.7200000000000004 -0.001240657271419945
0.7300000000000004 -0.001267645104333756
0.7400000000000004 -0.001305448377693009
0.7500000000000004 -0.001356028346212085
0.7600000000000005 -0.00141174123979767
0.7700000000000005 -0.001462751564383492
0.7800000000000005 -0.00150312106327657
0.7900000000000005 -0.001532092881902132
0.8000000000000005 -0.001555096849203366
0.8100000000000005 -0.001578341846462162
0.8200000000000005 -0.001604383574695845
0.8300000000000005 -0.001634452207815895
0.8400000000000005 -0.001670371646964955
0.8500000000000005 -0.001712908173740384
0.8600000000000005 -0.001760430317386662
0.8700000000000006 -0.001810542400728158
0.8800000000000006 -0.001861430835448289
0.8900000000000006 -0.001912503803773007
0.9000000000000006 -0.001964905921236216
0.9100000000000006 -0.002020533058639825
0.9200000000000006 -0.002081220982589685
0.9300000000000006 -0.002147704415262254
0.9400000000000006 -0.002218776507846831
0.9500000000000006 -0.002292039410369828
0.9600000000000006 -0.00236453064445586
0.9700000000000006 -0.002433310184103111
0.9800000000000007 -0.002495941468056591
0.9900000000000007 -0.002550184227549913
1.000000000000001 -0.002593741320998054
1.010000000000001 -0.002622916386938037
1.020000000000001 -0.002631527189107359
1.030000000000001 -0.002615225567676169
1.040000000000001 -0.002575016053119071
1.050000000000001 -0.002515751231304138
1.060000000000001 -0.002444863682673274
1.070000000000001 -0.002367699559358017
1.080000000000001 -0.002283715824334538
1.090000000000001 -0.002190662737491727
1.100000000000001 -0.002088021154639548
1.110000000000001 -0.001978420112299972
1.120000000000001 -0.001868766750698645
1.130000000000001 -0.001767037344497368
1.140000000000001 -0.001679638951472942
1.150000000000001 -0.001608314012252241
1.160000000000001 -0.001547647234111023
1.170000000000001 -0.001487951545284476
1.180000000000001 -0.001417668066028205
1.190000000000001 -0.001332674497691182
1.200000000000001 -0.001243836668312208
1.210000000000001 -0.001163116607622682
1.220000000000001 -0.001092190399309562
1.230000000000001 -0.00102642357372644
1.240000000000001 -0.0009581826567678364
1.250000000000001 -0.0008797714633324208
1.260000000000001 -0.0007858357685391684
1.270000000000001 -0.0006763685929682058
1.280000000000001 -0.0005591226106216959
1.290000000000001 -0.0004413134454674203
1.300000000000001 -0.0003228339675482465
1.310000000000001 -0.0002009119824860484
1.320000000000001 -7.394838969571583e-005
1.330000000000001 5.913987633677025e-005
1.340000000000001 0.0001994610867083128
1.350000000000001 0.0003442030520571895
1.360000000000001 0.0004834374930275836
1.370000000000001 0.0006119815552890738
1.380000000000001 0.0007390633382779617
1.390000000000001 0.0008739859074300762
1.400000000000001 0.001014390231465373
1.410000000000001 0.00115469196270506
1.420000000000001 0.00129301618315714
1.430000000000001 0.001429303692387096
1.440000000000001 0.001563743799653503
1.450000000000001 0.001695261535151176
1.460000000000001 0.001820290460580315
1.470000000000001 0.001937649941881122
1.480000000000001 0.002052515972323835
1.490000000000001 0.002171675842225421
1.500000000000001 0.002299629212094345
1.510000000000001 0.002440164109766221
1.520000000000001 0.002597653866676114
1.530000000000001 0.002773388622709805
1.540000000000001 0.002962600796869525
1.550000000000001 0.003159029719569502
1.560000000000001 0.00335867233357077
1.570000000000001 0.00355831813537987
1.580000000000001 0.003754343269400038
1.590000000000001 0.003943142016054762
1.600000000000001 0.004121480351523339
1.610000000000001 0.00428819497930304
1.620000000000001 0.004445565782219501
1.630000000000001 0.004597093913473539
1.640000000000001 0.00474567219173747
1.650000000000001 0.004891799613559123
1.660000000000001 0.00503214169737285
1.670000000000001 0.00516254145483784
1.680000000000001 0.005280491766371143
1.690000000000001 0.00538746282060103
1.700000000000001 0.005490771387335784
1.710000000000001 0.005595392639335236
1.720000000000001 0.005697278731964136
1.730000000000001 0.005790173435280244
1.740000000000001 0.00587121077572015
1.750000000000001 0.005940551256919747
1.760000000000001 0.006001056908747205
1.770000000000001 0.006055885179614228
1.780000000000001 0.00610651704073222
1.790000000000001 0.006151829649077042
1.800000000000001 0.00618736139343121
1.810000000000001 0.006213386586151671
1.820000000000001 0.006241483063604524
1.830000000000001 0.006280726182594497
1.840000000000001 0.006326410754188091
1.850000000000001 0.006367545485620402
1.860000000000001 0.006393045679595388
1.870000000000001 0.006397446964584871
1.880000000000001 0.006385532271407732
1.890000000000002 0.006365274093411208
1.900000000000002 0.006342028739961331
1.910000000000002 0.006319218873614379
1.920000000000002 0.006298910187411526
1.930000000000002 0.006282459282490127
1.940000000000002 0.006271050606739772
1.950000000000002 0.006261970585979623
1.960000000000002 0.006245592843699893
1.970000000000002 0.006214630867458756
1.980000000000002 0.006171690440700295
1.990000000000002 0.006122703678694007
2.000000000000001 0.006071523108441948
2.010000000000001 0.006020585841759724
2.020000000000001 0.005971468874836
2.030000000000001 0.005924686805097601
2.040000000000001 0.005879534373549926
2.05 0.005835844057477235
2.06 0.005795418245673758
2.07 0.005760688499488212
2.08 0.005733610531866409
2.089999999999999 0.00571123868753389
2.099999999999999 0.005682145931204136
2.109999999999999 0.005638535158074163
2.119999999999999 0.005586118908630633
2.129999999999999 0.005535714384594991
2.139999999999998 0.005496315558591388
2.149999999999998 0.005473734479798775
2.159999999999998 0.005469517006325668
2.169999999999998 0.005480697319116139
2.179999999999998 0.005499637476826006
2.189999999999997 0.005520976161312434
2.199999999999997 0.005547296357396907
2.209999999999997 0.005580490057646301
2.219999999999997 0.005614696406659274
2.229999999999996 0.005645310766679406
2.239999999999996 0.005676349294060731
2.249999999999996 0.005710977719557331
2.259999999999996 0.005743767640778982
2.269999999999996 0.005768597205441975
2.279999999999995 0.005785126881049586
2.289999999999995 0.005798046158387664
2.299999999999995 0.005816413560516525
2.309999999999995 0.005847338427700582
2.319999999999995 0.005890828909771879
2.329999999999994 0.005943800007480547
2.339999999999994 0.006003384891086309
2.349999999999994 0.00606370762358158
2.359999999999994 0.006113270697798857
2.369999999999993 0.006143201043071631
2.379999999999993 0.00615397804378048
2.389999999999993 0.006149217140161584
2.399999999999993 0.006130553867356139
2.409999999999993 0.006100603130937229
2.419999999999992 0.006065373389400263
2.429999999999992 0.00602913665471617
2.439999999999992 0.005990244871030755
2.449999999999992 0.005947970167873017
2.459999999999992 0.005908095321373064
2.469999999999991 0.005875921488253709
2.479999999999991 0.005850547605912483
2.489999999999991 0.005829862192682681
2.499999999999991 0.005814638961542438
2.509999999999991 0.005802838500775766
2.51999999999999 0.005784967174619621
2.52999999999999 0.005755908565290935
2.53999999999999 0.005724566659859929
2.54999999999999 0.005702280003337134
2.559999999999989 0.005693313144337211
2.569999999999989 0.005698371792398869
2.579999999999989 0.00571751026194363
2.589999999999989 0.005751017215995784
2.599999999999989 0.005800136461190529
2.609999999999988 0.005867242555731941
2.619999999999988 0.005955972454563081
2.629999999999988 0.006064720114127543
2.639999999999988 0.006181357301207225
2.649999999999988 0.006292649557900789
2.659999999999987 0.006391973060037307
2.669999999999987 0.006478537062339158
2.679999999999987 0.006556693938145366
2.689999999999987 0.006638069950213317
2.699999999999986 0.006743243461383911
2.709999999999986 0.006883051325235869
2.719999999999986 0.007043375210766915
2.729999999999986 0.007201621653182567
2.739999999999986 0.007340290286072824
2.749999999999985 0.007447976150648991
2.759999999999985 0.007520136151510173
2.769999999999985 0.00755676632067851
2.779999999999985 0.007560460834238905
2.789999999999985 0.007541764802018189
2.799999999999984 0.007523485732107983
2.809999999999984 0.00752593544477383
2.819999999999984 0.007554873840706333
2.829999999999984 0.007605622119595498
2.839999999999983 0.007666526638956988
2.849999999999983 0.007719538494799685
2.859999999999983 0.007740748083710581
2.869999999999983 0.007716039633832311
2.879999999999983 0.007653819080427646
2.889999999999982 0.007568173230927771
2.899999999999982 0.007465034245061679
2.909999999999982 0.007346157797716135
2.919999999999982 0.007212419037465527
2.929999999999982 0.007066003752701685
2.939999999999981 0.006912191447097652
2.949999999999981 0.006757687693507892
2.959999999999981 0.006609247029773097
2.969999999999981 0.006468296298705443
2.97999999999998 0.006326582252754274
2.98999999999998 0.006173300737808907
2.99999999999998 0.006000955909471793
3.00999999999998 0.005806845141194841
3.01999999999998 0.00559423082067625
3.029999999999979 0.005365824605195841
3.039999999999979 0.005118457969346294
3.049999999999979 0.004847351804350118
3.059999999999979 0.004549624991802454
3.069999999999979 0.004223340707791312
3.079999999999978 0.003866715708278692
3.089999999999978 0.003482212195046015
3.099999999999978 0.003079847145850617
3.109999999999978 0.002671306296502579
3.119999999999978 0.002265108821815899
3.129999999999977 0.001861628717660551
3.139999999999977 0.00144909120608153
3.149999999999977 0.001018770206523659
3.159999999999977 0.0005773992487163337
3.169999999999976 0.0001360388288620261
3.179999999999976 -0.000299077839224633
3.189999999999976 -0.0007236137017023704
3.199999999999976 -0.00113271294974365
3.209999999999976 -0.001522019674765797
3.219999999999975 -0.001888508608469409
3.229999999999975 -0.002229584707503821
3.239999999999975 -0.002542343264939441
3.249999999999975 -0.002826279152367607
3.259999999999975 -0.003085483572379413
3.269999999999974 -0.003323434014764551
3.279999999999974 -0.003538735322886688
3.289999999999974 -0.003732491027880805
3.299999999999974 -0.003914314909959842
3.309999999999973 -0.004098492747699084
3.319999999999973 -0.004300797779100715
3.329999999999973 -0.004526917753530611
3.339999999999973 -0.004763072405545456
3.349999999999973 -0.004986455278249942
3.359999999999972 -0.005173862493791433
3.369999999999972 -0.005317678324108277
3.379999999999972 -0.005438818537227105
3.389999999999972 -0.005562606876159162
3.399999999999972 -0.005698986543152468
3.409999999999971 -0.005850973325151563
3.419999999999971 -0.006021636783006259
3.429999999999971 -0.00621228028512294
3.439999999999971 -0.006420965753425768
3.44999999999997 -0.006642266891536292
3.45999999999997 -0.006867097235821659
3.46999999999997 -0.007087323752898432
3.47999999999997 -0.007299533170960098
3.48999999999997 -0.007499591408173412
3.499999999999969 -0.007678194742453669
3.509999999999969 -0.007832814378643705
3.519999999999969 -0.007977411002598574
3.529999999999969 -0.008125762549647399
3.539999999999969 -0.008277816413878958
3.549999999999968 -0.008435934235442401
3.559999999999968 -0.008618166418174169
3.569999999999968 -0.008838907402000296
3.579999999999968 -0.00909309214673925
3.589999999999967 -0.009366795701429625
3.599999999999967 -0.009645989456721479
3.609999999999967 -0.009916255211222918
3.619999999999967 -0.01016255418047665
3.629999999999967 -0.01037830751953484
3.639999999999966 -0.01057275283759875
3.649999999999966 -0.01076168256390113
3.659999999999966 -0.0109598034678503
3.669999999999966 -0.01117448845139171
3.679999999999966 -0.01140072936217453
3.689999999999965 -0.01163485845097924
3.699999999999965 -0.01188577009537015
3.709999999999965 -0.01215865924601989
3.719999999999965 -0.01244174543387098
3.729999999999965 -0.01271620526162746
3.739999999999964 -0.01296436942213921
3.749999999999964 -0.01317464069197497
3.759999999999964 -0.01334546742963985
3.769999999999964 -0.01348513361140681
3.779999999999963 -0.01361150063202823
3.789999999999963 -0.01374056333773406
3.799999999999963 -0.01387710190888415
3.809999999999963 -0.01401750286309827
3.819999999999963 -0.01415214723879946
3.829999999999962 -0.01426748392834838
3.839999999999962 -0.01434776506466347
3.849999999999962 -0.01438360440410372
3.859999999999962 -0.01437892752140599
3.869999999999962 -0.01433854695692478
3.879999999999961 -0.01425798474910831
3.889999999999961 -0.01413473288182626
3.899999999999961 -0.01397745399647653
3.909999999999961 -0.01379752226331169
3.91999999999996 -0.01360207435501451
3.92999999999996 -0.01339096988073258
3.93999999999996 -0.01315436869305607
3.94999999999996 -0.01287810672841399
3.95999999999996 -0.0125481346685303
3.969999999999959 -0.01215845267693471
3.979999999999959 -0.01171753093851975
3.989999999999959 -0.01123678232389818
3.999999999999959 -0.01072109725030788
4.009999999999959 -0.0101722355237038
4.019999999999959 -0.009591628738206365
4.029999999999959 -0.008980858344130415
4.039999999999958 -0.008342042970697957
4.049999999999958 -0.007678587759789982
4.059999999999958 -0.006995783489791497
4.069999999999958 -0.006300113451058926
4.079999999999957 -0.005598672857149048
4.089999999999957 -0.004898980437755893
4.099999999999957 -0.00420881834818583
4.109999999999957 -0.003531014460135029
4.119999999999957 -0.002859214556955196
4.129999999999956 -0.00218806352445054
4.139999999999956 -0.001521529512613875
4.149999999999956 -0.0008665913424877741
4.159999999999956 -0.0002280432350743358
4.169999999999956 0.0003949371794718947
4.179999999999955 0.001011547338980445
4.189999999999955 0.001631280947393947
4.199999999999955 0.002257311609107207
4.209999999999955 0.002893615884193902
4.219999999999955 0.003550796127903267
4.229999999999954 0.004241354885238215
4.239999999999954 0.004975808267480572
4.249999999999954 0.00575960216193051
4.259999999999954 0.006590632611310422
4.269999999999953 0.007458884433307175
4.279999999999953 0.008346205754440606
4.289999999999953 0.009235630123161668
4.299999999999953 0.0101189952439514
4.309999999999953 0.01099205785535827
4.319999999999952 0.01185045759873106
4.329999999999952 0.01268682974071887
4.339999999999952 0.01348846719892788
4.349999999999952 0.01424302234032681
4.359999999999952 0.01494316946594287
4.369999999999951 0.01558035838102728
4.379999999999951 0.01613971059497185
4.389999999999951 0.01660238901224527
4.399999999999951 0.01694757226188708
4.40999999999995 0.01715357047421345
4.41999999999995 0.01719874552503641
4.42999999999995 0.01706609051351953
4.43999999999995 0.01674693608681308
4.44999999999995 0.01624388502512822
4.459999999999949 0.0155731126779584
4.469999999999949 0.01474643571844242
4.479999999999949 0.01375667480573409
4.489999999999949 0.01259187064202652
4.499999999999949 0.01124696734634518
4.509999999999948 0.009721440426649304
4.519999999999948 0.008017318212703279
4.529999999999948 0.006139211043924262
4.539999999999948 0.004094317465199362
4.549999999999947 0.001884624756444563
4.559999999999947 -0.0004994212962132899
4.569999999999947 -0.003066898952264171
4.579999999999947 -0.005816569144415393
4.589999999999947 -0.008748793630935395
4.599999999999946 -0.01187526750033941
4.609999999999946 -0.01520650159226902
4.619999999999946 -0.01874157723385336
4.629999999999946 -0.02247447133072015
4.639999999999946 -0.02639927230119718
4.649999999999945 -0.03050982274734542
4.659999999999945 -0.03479942325995385
4.669999999999945 -0.03925739966280932
4.679999999999945 -0.04386632596068243
4.689999999999944 -0.04860456399960805
4.699999999999944 -0.05344838090947283
4.709999999999944 -0.05837220145802173
4.719999999999944 -0.06334883523728263
4.729999999999944 -0.06834760438303356
4.739999999999943 -0.07333285005775396
4.749999999999943 -0.0782659220157893
4.759999999999943 -0.08310684514510927
4.769999999999943 -0.08781545479297268
4.779999999999943 -0.09235234130825988
4.789999999999942 -0.09667553387604215
4.799999999999942 -0.1007378332028763
4.809999999999942 -0.1044953933666712
4.819999999999942 -0.1079147430508134
4.829999999999942 -0.1109671646222758
4.839999999999941 -0.1136240671282127
4.849999999999941 -0.1158607079620948
4.859999999999941 -0.1176592182450521
4.869999999999941 -0.1190130116759514
4.87999999999994 -0.1199303007006583
4.88999999999994 -0.1204281824501203
4.89999999999994 -0.1205277214351433
4.90999999999994 -0.1202483747781336
4.91999999999994 -0.119603442574714
4.929999999999939 -0.1185966408612684
4.939999999999939 -0.1172193772852859
4.949999999999939 -0.1154586823763081
4.959999999999939 -0.1133037311016717
4.969999999999939 -0.1107514432339661
4.979999999999938 -0.1078109829376752
4.989999999999938 -0.1045071175894884
4.999999999999938 -0.1008828091102438
5.009999999999938 -0.09698152977411551
5.019999999999937 -0.09283276757180789
5.029999999999937 -0.08846177908090526
5.039999999999937 -0.08389760159116254
5.049999999999937 -0.07916580258659517
5.059999999999937 -0.0742825704057138
5.069999999999936 -0.06925624315303612
5.079999999999936 -0.06408863023978727
5.089999999999936 -0.05878395773879115
5.099999999999936 -0.05335617161971789
5.109999999999936 -0.04782099169497684
5.119999999999935 -0.04218939654812693
5.129999999999935 -0.03649812903273503
5.139999999999935 -0.03083444190230418
5.149999999999935 -0.02529536946752416
5.159999999999934 -0.01995430744613517
5.169999999999934 -0.01487361302722958
5.179999999999934 -0.0101150273800743
5.189999999999934 -0.005728280003752276
5.199999999999934 -0.00174186999659305
5.209999999999933 0.001827036214515875
5.219999999999933 0.004964435478687508
5.229999999999933 0.007665474122231652
5.239999999999933 0.009939285870690342
5.249999999999933 0.01180536022324707
5.259999999999932 0.01329048582794088
5.269999999999932 0.01441402524340944
5.279999999999932 0.0151759358828418
5.289999999999932 0.01557093361923955
5.299999999999931 0.01560013910230624
5.309999999999931 0.01526924329913402
5.319999999999931 0.01458696556167279
5.329999999999931 0.01356357290210756
5.339999999999931 0.01220965166273832
5.34999999999993 0.01053939379041178
5.35999999999993 0.008573248887782282
5.36999999999993 0.006339615101100189
5.37999999999993 0.003876143027255263
5.38999999999993 0.001222306639367229
5.399999999999929 -0.00158670497910188
5.409999999999929 -0.004517448009005598
5.419999999999929 -0.007536137811962791
5.429999999999929 -0.01061560706264219
5.439999999999928 -0.01374094328416755
5.449999999999928 -0.01690102625178448
5.459999999999928 -0.02008156407076632
5.469999999999928 -0.02326498824833223
5.479999999999928 -0.02643039271139642
5.489999999999927 -0.02955343365486443
5.499999999999927 -0.03260627191163038
5.509999999999927 -0.03556299203542977
5.519999999999927 -0.03840401301862955
5.529999999999927 -0.0411208457537807
5.539999999999926 -0.04371987920282652
5.549999999999926 -0.0462104567336227
5.559999999999926 -0.04859508269169599
5.569999999999926 -0.05087745351482177
5.579999999999926 -0.05306901826658858
5.589999999999925 -0.05517559914488482
5.599999999999925 -0.05718649646265381
5.609999999999925 -0.05908323622608584
5.619999999999925 -0.06084684289949943
5.629999999999924 -0.06246987727172012
5.639999999999924 -0.06396621418838983
5.649999999999924 -0.06533833445554402
5.659999999999924 -0.0665506714636966
5.669999999999924 -0.06756241721337584
5.679999999999923 -0.06835443967530706
5.689999999999923 -0.06893171778006722
5.699999999999923 -0.06932512704410872
5.709999999999923 -0.06956723544364933
5.719999999999923 -0.06967248107035803
5.729999999999922 -0.0696396670822429
5.739999999999922 -0.06945414712567936
5.749999999999922 -0.0690975165938231
5.759999999999922 -0.06855557601027024
5.769999999999921 -0.06781302213751392
5.779999999999921 -0.06684910461411821
5.789999999999921 -0.06565818177699674
5.799999999999921 -0.06426640401106605
5.809999999999921 -0.06270608432632886
5.81999999999992 -0.06099465601857879
5.82999999999992 -0.05915143964854223
5.83999999999992 -0.05721134441147332
5.84999999999992 -0.05519753270859341
5.85999999999992 -0.05309914299466778
5.869999999999919 -0.05089855781719097
5.879999999999919 -0.04859377941371756
5.889999999999919 -0.04619773135683832
5.899999999999919 -0.04373754439698478
5.909999999999918 -0.04124003740096818
5.919999999999918 -0.03871982778250323
5.929999999999918 -0.03618092597092426
5.939999999999918 -0.03361812954470592
5.949999999999918 -0.03102616872630034
5.959999999999917 -0.02840718591652429
5.969999999999917 -0.02575699629743049
5.979999999999917 -0.02305389041127259
5.989999999999917 -0.0202750302428643
5.999999999999917 -0.01740987310345905
6.009999999999916 -0.01447812890391514
6.019999999999916 -0.01154416066172306
6.029999999999916 -0.008677200188482177
6.039999999999916 -0.005918709435966752
6.049999999999915 -0.003300407443755048
6.059999999999915 -0.000859105720188194
6.069999999999915 0.00139459935840882
6.079999999999915 0.003501721061918397
6.089999999999915 0.005503067252311368
6.099999999999914 0.007396825278671288
6.109999999999914 0.009165262039262028
6.119999999999914 0.01079671799369534
6.129999999999914 0.01227715206122436
6.139999999999914 0.01358323007430797
6.149999999999913 0.01470353658202316
6.159999999999913 0.01565581463526324
6.169999999999913 0.0164682138634418
6.179999999999913 0.01716382691458879
6.189999999999913 0.01776168834667027
6.199999999999912 0.01827760850716192
6.209999999999912 0.01872194589248412
6.219999999999912 0.01909781222835803
6.229999999999912 0.01940830833970475
6.239999999999911 0.01966242788371565
6.249999999999911 0.01987076515881686
6.259999999999911 0.02004197090355133
6.269999999999911 0.02018270183830659
6.279999999999911 0.02029758858025432
6.28999999999991 0.02039183151491506
6.29999999999991 0.0204733186910524
6.30999999999991 0.02054171580462881
6.31999999999991 0.02057961435969706
6.32999999999991 0.02056642903374389
6.339999999999909 0.02048981302961573
6.349999999999909 0.02034118675344656
6.359999999999909 0.0201120583612646
6.369999999999909 0.01980281139008136
6.379999999999908 0.01942983583158713
6.389999999999908 0.01901576591343793
6.399999999999908 0.01858145160076472
6.409999999999908 0.01814749375675388
6.419999999999908 0.01773552195414997
6.429999999999907 0.01734206095625176
6.439999999999907 0.01691738214627311
6.449999999999907 0.01640181460669368
6.459999999999907 0.01575557175398835
6.469999999999907 0.01495103070023444
6.479999999999906 0.01396630897871923
6.489999999999906 0.01280207631161955
6.499999999999906 0.01149511322164462
6.509999999999906 0.01008442724757521
6.519999999999905 0.008583490888963517
6.529999999999905 0.006996435640629927
6.539999999999905 0.005331382976372301
6.549999999999905 0.003609444520416154
6.559999999999905 0.001871957494681584
6.569999999999904 0.0001689100494964964
6.579999999999904 -0.00145062895236755
6.589999999999904 -0.002953465178625051
6.599999999999904 -0.004334394730134574
6.609999999999904 -0.005599563699096474
6.619999999999903 -0.006752760140365976
6.629999999999903 -0.007789549578913727
6.639999999999903 -0.008692563114992152
6.649999999999903 -0.009453051950271551
6.659999999999902 -0.01008846394114963
6.669999999999902 -0.01062432219226947
6.679999999999902 -0.01107932333915299
6.689999999999902 -0.01146821335793498
6.699999999999902 -0.01180417797346867
6.709999999999901 -0.01208961924608366
6.719999999999901 -0.01230869851609511
6.729999999999901 -0.01244320330213291
6.739999999999901 -0.01248554819799785
6.749999999999901 -0.01244281383628812
6.7599999999999 -0.01233990738914399
6.7699999999999 -0.01220428659365005
6.7799999999999 -0.01205341683256623
6.7899999999999 -0.01189939929476485
6.7999999999999 -0.01175279258163651
6.809999999999899 -0.01161332085683187
6.819999999999899 -0.01146235113791966
6.829999999999899 -0.01127513538115769
6.839999999999899 -0.01103087489827043
6.849999999999898 -0.01072026189655494
6.859999999999898 -0.01035154000247328
6.869999999999898 -0.009939058019825548
6.879999999999898 -0.009493840597292282
6.889999999999898 -0.009030162019651587
6.899999999999897 -0.008570898972405606
6.909999999999897 -0.008134150657848727
6.919999999999897 -0.00772233553566372
6.929999999999897 -0.007347138269078672
6.939999999999897 -0.007049857833185365
6.949999999999896 -0.006856448015645341
6.959999999999896 -0.00674086739605133
6.969999999999896 -0.00666333638501831
6.979999999999896 -0.006601795432740152
6.989999999999895 -0.006543932952926466
6.999999999999895 -0.006480588196973895
7.009999999999895 -0.006410068579821083
7.019999999999895 -0.006341632106085525
7.029999999999895 -0.006283733087257429
7.039999999999894 -0.006234420672556842
7.049999999999894 -0.006190285581814074
7.059999999999894 -0.006153806092863219
7.069999999999894 -0.006125387540255209
7.079999999999894 -0.006096868451449673
7.089999999999893 -0.006068692856675495
7.099999999999893 -0.006063887295031551
7.109999999999893 -0.006099186349281089
7.119999999999893 -0.006161445263292713
7.129999999999892 -0.006234467972627627
7.139999999999892 -0.006320982653478703
7.149999999999892 -0.006429229365075563
7.159999999999892 -0.006561912966978512
7.169999999999892 -0.006712049446231433
7.179999999999891 -0.006859632828839547
7.189999999999891 -0.006989345214728592
7.199999999999891 -0.007104989551014398
7.209999999999891 -0.007223829844658081
7.219999999999891 -0.007371814658069708
7.22999999999989 -0.007564684301133919
7.23999999999989 -0.007792579174079464
7.24999999999989 -0.008044538447192636
7.25999999999989 -0.008328550193187359
7.269999999999889 -0.008651015383368634
7.279999999999889 -0.008999943076528549
7.289999999999889 -0.009350057480219871
7.299999999999889 -0.009667097212789308
7.309999999999889 -0.009920435702322242
7.319999999999888 -0.01009338445834397
7.329999999999888 -0.01018053838992752
7.339999999999888 -0.01018551255540601
7.349999999999888 -0.01011183903228086
7.359999999999888 -0.009955534344400104
7.369999999999887 -0.009711852706909928
7.379999999999887 -0.009380844576254986
7.389999999999887 -0.008971269055798606
7.399999999999887 -0.008503744423262946
7.409999999999887 -0.007978097495346474
7.419999999999886 -0.007346852853909424
7.429999999999886 -0.006551664041450043
7.439999999999886 -0.005553262076256823
7.449999999999886 -0.004332140691120907
7.459999999999885 -0.002888962787004183
7.469999999999885 -0.001225230810647644
7.479999999999885 0.000672523775839392
7.489999999999885 0.002820875973866402
7.499999999999885 0.005229752654862042
7.509999999999884 0.007888088352378782
7.519999999999884 0.0107522665974785
7.529999999999884 0.0137796452460439
7.539999999999884 0.01695599236711645
7.549999999999884 0.02026056542559535
7.559999999999883 0.02363759362076008
7.569999999999883 0.0270252916340027
7.579999999999883 0.0303796814619578
7.589999999999883 0.03366698488838105
7.599999999999882 0.03685732659093384
7.609999999999882 0.03993580642396083
7.619999999999882 0.04291145496837426
7.629999999999882 0.04580001373603476
7.639999999999882 0.04860980844423551
7.649999999999881 0.05134574677942376
7.659999999999881 0.05401265234725209
7.669999999999881 0.05660401955967333
7.679999999999881 0.05909293959283376
7.689999999999881 0.06144383845181219
7.69999999999988 0.06362218857701564
7.70999999999988 0.06559924264134942
7.71999999999988 0.0673558746969877
7.72999999999988 0.06888743214065699
7.739999999999879 0.07020758775913591
7.749999999999879 0.07133440549138213
7.759999999999879 0.07227889885146693
7.769999999999879 0.07303830455787898
7.779999999999879 0.07359070820211347
7.789999999999878 0.07393833359841828
7.799999999999878 0.07414275853082433
7.809999999999878 0.07425971845063489
7.819999999999878 0.07428577667650405
7.829999999999878 0.07420901277432578
7.839999999999877 0.07405057257953435
7.849999999999877 0.07382557194389711
7.859999999999877 0.07351112208978247
7.869999999999877 0.07308304190273061
7.879999999999876 0.0725458932758975
7.889999999999876 0.07191399583901403
7.899999999999876 0.07119576692251022
7.909999999999876 0.07040171183782731
7.919999999999876 0.0695509160886483
7.929999999999875 0.06865878521985912
7.939999999999875 0.06772701606194698
7.949999999999875 0.0667451799662976
7.959999999999875 0.0656921111262634
7.969999999999875 0.06455350662552895
7.979999999999874 0.0633362625500135
7.989999999999874 0.06206471422685838
7.999999999999874 0.06077739998413539
8.009999999999874 0.0595052886152785
8.019999999999874 0.05825403322050241
8.029999999999873 0.05700246538806066
8.039999999999873 0.05570162130905514
8.049999999999873 0.05430142103317322
8.059999999999873 0.05277253937522378
8.069999999999872 0.05109305042023839
8.079999999999872 0.04923745272640586
8.089999999999872 0.04719646992004969
8.099999999999872 0.04499313872115632
8.109999999999872 0.04265427179397019
8.119999999999871 0.04018708895170206
8.129999999999871 0.03757961550765648
8.139999999999871 0.03480120543684163
8.149999999999871 0.03182174585521956
8.159999999999871 0.02862739126522154
8.16999999999987 0.02522922939432991
8.17999999999987 0.0216701614563711
8.18999999999987 0.01800361791522232
8.19999999999987 0.0142760460123076
8.209999999999869 0.01050735355758103
8.219999999999869 0.006675140743295063
8.229999999999869 0.002736932766414436
8.239999999999869 -0.001351445278330108
8.249999999999869 -0.00563143899397655
8.259999999999868 -0.01013817659185425
8.269999999999868 -0.01488200345830697
8.279999999999868 -0.01983360985538905
8.289999999999868 -0.02495483366851252
8.299999999999868 -0.03022397835716119
8.309999999999867 -0.03561835146389813
8.319999999999867 -0.04110000476322916
8.329999999999867 -0.04661262290742337
8.339999999999867 -0.05207916834558137
8.349999999999866 -0.05741355715169466
8.359999999999866 -0.06253032234811258
8.369999999999866 -0.06735453281757323
8.379999999999866 -0.07182983718749537
8.389999999999866 -0.07593401979215013
8.399999999999865 -0.07969143978247115
8.409999999999865 -0.0831172332468867
8.419999999999865 -0.08617172948558301
8.429999999999865 -0.08882646277507451
8.439999999999865 -0.09111810916215152
8.449999999999864 -0.09310404708321195
8.459999999999864 -0.09482578651986952
8.469999999999864 -0.09631530822568643
8.479999999999864 -0.09760032790672185
8.489999999999863 -0.09869784107822037
8.499999999999863 -0.09960891950009027
8.509999999999863 -0.1003323076905273
8.519999999999863 -0.1008755539469435
8.529999999999863 -0.1012364773198502
8.539999999999862 -0.1013880673666794
8.549999999999862 -0.1013273516119348
8.559999999999862 -0.1011151617914041
8.569999999999862 -0.1007750532131225
8.579999999999862 -0.1002108781371163
8.589999999999861 -0.09936355767096287
8.599999999999861 -0.09833905900078349
8.609999999999861 -0.09724750970325446
8.619999999999861 -0.09607144467872208
8.62999999999986 -0.09474664552579451
8.63999999999986 -0.09322873087120842
8.64999999999986 -0.09150515537235254
8.65999999999986 -0.0896047417384175
8.66999999999986 -0.08757220931203037
8.679999999999859 -0.08544718434284698
8.689999999999859 -0.08323378798094085
8.699999999999859 -0.08087607485246955
8.709999999999859 -0.07833968005484063
8.719999999999859 -0.07567847630055267
8.729999999999858 -0.07295626608461785
8.739999999999858 -0.07018261059063301
8.749999999999858 -0.06735696375394408
8.759999999999858 -0.06450491557954853
8.769999999999858 -0.06166326847463912
8.779999999999857 -0.05886774336745319
8.789999999999857 -0.05613591178840643
8.799999999999857 -0.05345341145247025
8.809999999999857 -0.0508013318175911
8.819999999999856 -0.04817869205592074
8.829999999999856 -0.04560049653791452
8.839999999999856 -0.04309601177450638
8.849999999999856 -0.04068375122331146
8.859999999999856 -0.03835110253488228
8.869999999999855 -0.03609490507150668
8.879999999999855 -0.03395458015494188
8.889999999999855 -0.03196531748256321
8.899999999999855 -0.03011978375571359
8.909999999999855 -0.0284292069552622
8.919999999999854 -0.02697319521785463
8.929999999999854 -0.02582894268780719
8.939999999999854 -0.02501327720677189
8.949999999999854 -0.02451586876089525
8.959999999999853 -0.02432663207217695
8.969999999999853 -0.02442465044447973
8.979999999999853 -0.02476917438515192
8.989999999999853 -0.02533222931777586
8.999999999999853 -0.02612516128071407
9.009999999999852 -0.02717671105981495
9.019999999999852 -0.0285148773759401
9.029999999999852 -0.03014629059220494
9.039999999999852 -0.03203949417595075
9.049999999999852 -0.03416777586702348
9.059999999999851 -0.0365441631949255
9.069999999999851 -0.03919433720076304
9.079999999999851 -0.04213432872600096
9.089999999999851 -0.04537617573727601
9.09999999999985 -0.04893258188588801
9.10999999999985 -0.05280327492587557
9.11999999999985 -0.0569639568107916
9.12999999999985 -0.06137813414949635
9.13999999999985 -0.06600692060382005
9.149999999999849 -0.07083312814467105
9.159999999999849 -0.07588080666921285
9.169999999999849 -0.08115812523361145
9.179999999999849 -0.08661078166210535
9.189999999999849 -0.09216295021118973
9.199999999999848 -0.09775102463821249
9.209999999999848 -0.1033283151255579
9.219999999999848 -0.1088687717999948
9.229999999999848 -0.1143653459619152
9.239999999999847 -0.1198285099149076
9.249999999999847 -0.1252682259989303
9.259999999999847 -0.1306792241656976
9.269999999999847 -0.1360381046973369
9.279999999999847 -0.1413011771396913
9.289999999999846 -0.1464388680684608
9.299999999999846 -0.1514638106981834
9.309999999999846 -0.1563812126380242
9.319999999999846 -0.1611483180208832
9.329999999999846 -0.1657249202145449
9.339999999999845 -0.1701142433133444
9.349999999999845 -0.1743105234134919
9.359999999999845 -0.1782564458104983
9.369999999999845 -0.1819124937445179
9.379999999999845 -0.1853135556664177
9.389999999999844 -0.1884997432404807
9.399999999999844 -0.1914600639931645
9.409999999999844 -0.1941664711627506
9.419999999999844 -0.1966016401478352
9.429999999999843 -0.1987584125902405
9.439999999999843 -0.2006392281205814
9.449999999999843 -0.202249539690377
9.459999999999843 -0.203592369428718
9.469999999999843 -0.2047154055773788
9.479999999999842 -0.2057491201830357
9.489999999999842 -0.2068049162268887
9.499999999999842 -0.2078918923011495
9.509999999999842 -0.2089776018303282
9.519999999999842 -0.2100381354686429
9.529999999999841 -0.211023777601108
9.539999999999841 -0.2118310982064861
9.549999999999841 -0.212361620441932
9.559999999999841 -0.2125697765802361
9.56999999999984 -0.2124993171708316
9.57999999999984 -0.2123122875653069
9.58999999999984 -0.2121958676766966
9.59999999999984 -0.2122858735697656
9.60999999999984 -0.2126681984949274
9.619999999999839 -0.213380443657378
9.629999999999839 -0.2143880794115447
9.639999999999839 -0.2155655919801747
9.649999999999839 -0.216751812104399
9.659999999999839 -0.2177955451585512
9.669999999999838 -0.2186201657413118
9.679999999999838 -0.2192758434164411
9.689999999999838 -0.2198674661960386
9.699999999999838 -0.2204951768562656
9.709999999999837 -0.2212396523960709
9.719999999999837 -0.2221502683508206
9.729999999999837 -0.223253583497705
9.739999999999837 -0.2245605306756821
9.749999999999837 -0.2260883790631686
9.759999999999836 -0.2278786903482057
9.769999999999836 -0.2299732643571663
9.779999999999836 -0.2323944757238831
9.789999999999836 -0.2351315762062714
9.799999999999836 -0.2381298035010415
9.809999999999835 -0.2412915432217754
9.819999999999835 -0.2444776797987672
9.829999999999835 -0.2475733709962659
9.839999999999835 -0.2505416702703742
9.849999999999834 -0.2534085728560442
9.859999999999834 -0.2562501924491042
9.869999999999834 -0.2591320905421323
9.879999999999834 -0.2620596861005714
9.889999999999834 -0.265049930020441
9.899999999999833 -0.2681898431137015
9.909999999999833 -0.2715241493671279
9.919999999999833 -0.2749636413560238
9.929999999999833 -0.2783342339640501
9.939999999999833 -0.2814178511098566
9.949999999999832 -0.2840179037358039
9.959999999999832 -0.2860126570921686
9.969999999999832 -0.2873920552395649
9.979999999999832 -0.2882868184004264
9.989999999999832 -0.2889047164155543
9.999999999999831 -0.2894776762809814
10.00999999999983 -0.2902528765700957
10.01999999999983 -0.2914853004910458
10.02999999999983 -0.2933533563530407
10.03999999999983 -0.2958904913668414
10.04999999999983 -0.2990300918574204
10.05999999999983 -0.3026431487092688
10.06999999999983 -0.3065906723008849
10.07999999999983 -0.310766703020972
10.08999999999983 -0.3150838732072889
10.09999999999983 -0.3194614423734353
10.10999999999983 -0.3238038162765579
10.11999999999983 -0.3279831275133376
10.12999999999983 -0.3318478546433593
10.13999999999983 -0.3352301269009087
10.14999999999983 -0.33805901655129
10.15999999999983 -0.3404524361430572
10.16999999999983 -0.3425993765354334
10.17999999999983 -0.3446628973702326
10.18999999999983 -0.3467785113696409
10.19999999999983 -0.3490531413513608
10.20999999999983 -0.3515676050248844
10.21999999999983 -0.3543789083313301
10.22999999999983 -0.3575072482152173
10.23999999999983 -0.3609257203919121
10.24999999999983 -0.3645796812461214
10.25999999999983 -0.3684028520496759
10.26999999999983 -0.372281133951847
10.27999999999983 -0.3760234134895219
10.28999999999983 -0.3794193535303664
10.29999999999983 -0.3822868578188053
10.30999999999983 -0.3844894888867023
10.31999999999982 -0.385950286814976
10.32999999999982 -0.3866726194783726
10.33999999999982 -0.3867564907004818
10.34999999999982 -0.3863342207230351
10.35999999999982 -0.3855174674288551
10.36999999999982 -0.3844026318624166
10.37999999999982 -0.383075387940606
10.38999999999982 -0.3816052386890406
10.39999999999982 -0.3800411770594599
10.40999999999982 -0.3783973253013048
10.41999999999982 -0.3766414777255072
10.42999999999982 -0.3747079854791547
10.43999999999982 -0.3725086031234985
10.44999999999982 -0.3700212488289593
10.45999999999982 -0.3673620565943637
10.46999999999982 -0.3647168491521509
10.47999999999982 -0.3622844138637016
10.48999999999982 -0.3602535949335716
10.49999999999982 -0.3587846490815834
10.50999999999982 -0.3580092996853297
10.51999999999982 -0.3580310668720557
10.52999999999982 -0.358889861853648
10.53999999999982 -0.3605336140359999
10.54999999999982 -0.3628841692492695
10.55999999999982 -0.3658915053127239
10.56999999999982 -0.3695121807540861
10.57999999999982 -0.373691665971312
10.58999999999982 -0.3783496903254235
10.59999999999982 -0.3833685066754348
10.60999999999982 -0.3886586030382292
10.61999999999982 -0.3942122542290045
10.62999999999982 -0.4000168925089073
10.63999999999982 -0.4059842435120594
10.64999999999982 -0.4119660337773539
10.65999999999982 -0.4177673883845691
10.66999999999982 -0.4232099168846686
10.67999999999982 -0.4281831901123436
10.68999999999982 -0.4326629321686796
10.69999999999982 -0.4367251057929431
10.70999999999982 -0.4404836291973299
10.71999999999982 -0.4440390145914659
10.72999999999982 -0.447450478656333
10.73999999999982 -0.4507134495829973
10.74999999999982 -0.4538230549080475
10.75999999999982 -0.4568260562012402
10.76999999999982 -0.459774381730462
10.77999999999982 -0.4626870048692127
10.78999999999981 -0.4656013321291967
10.79999999999981 -0.4686150703641145
10.80999999999981 -0.4717547507558737
10.81999999999981 -0.4748687255921731
10.82999999999981 -0.4777303078440572
10.83999999999981 -0.480122868410591
10.84999999999981 -0.4818968627187654
10.85999999999981 -0.4830159034872498
10.86999999999981 -0.4834661584577398
10.87999999999981 -0.4831820067682097
10.88999999999981 -0.482201277616071
10.89999999999981 -0.4807914250399428
10.90999999999981 -0.4791905465005935
10.91999999999981 -0.4773956807921237
10.92999999999981 -0.4752998256322568
10.93999999999981 -0.4728050794723375
10.94999999999981 -0.4698733270185181
10.95999999999981 -0.4665672275001497
10.96999999999981 -0.4629797981656859
10.97999999999981 -0.4591765412894629
10.98999999999981 -0.4551876358050325
10.99999999999981 -0.4510019097641501
11.00999999999981 -0.446586308220851
11.01999999999981 -0.4419020659977836
11.02999999999981 -0.4369383454625917
11.03999999999981 -0.4317403304223439
11.04999999999981 -0.4263809855009251
11.05999999999981 -0.4209359348150736
11.06999999999981 -0.4154265941393066
11.07999999999981 -0.4097753970345998
11.08999999999981 -0.4038383220409416
11.09999999999981 -0.3974318191478439
11.10999999999981 -0.3904222195762466
11.11999999999981 -0.3827984551627283
11.12999999999981 -0.3746103061932637
11.13999999999981 -0.3659172700433739
11.14999999999981 -0.3567563629522537
11.15999999999981 -0.3471159283790719
11.16999999999981 -0.336959504317104
11.17999999999981 -0.3262455417631398
11.18999999999981 -0.3149333576971597
11.19999999999981 -0.3029879536043799
11.20999999999981 -0.2904509093259895
11.21999999999981 -0.2774976760707428
11.22999999999981 -0.2643631150911268
11.23999999999981 -0.2512799639641561
11.24999999999981 -0.2384106899393988
11.2599999999998 -0.2257923090766185
11.2699999999998 -0.2133789523260881
11.2799999999998 -0.2010770206580481
11.2899999999998 -0.1887574890591162
11.2999999999998 -0.1762674433612967
11.3099999999998 -0.1635011511549339
11.3199999999998 -0.150457254054334
11.3299999999998 -0.1371817579942614
11.3399999999998 -0.1237209355761535
11.3499999999998 -0.1100980583138344
11.3599999999998 -0.09629425544005166
11.3699999999998 -0.08231398490245336
11.3799999999998 -0.0682385637957246
11.3899999999998 -0.05414184349512149
11.3999999999998 -0.04002131113945207
11.4099999999998 -0.0258636369858089
11.4199999999998 -0.01169845464724501
11.4299999999998 0.002394787707648543
11.4399999999998 0.01628164071212952
11.4499999999998 0.02983792009988314
11.4599999999998 0.04300300750498554
11.4699999999998 0.05576704398725583
11.4799999999998 0.06815995332429967
11.4899999999998 0.08019691708798765
11.4999999999998 0.0918338435710441
11.5099999999998 0.1030077645143225
11.5199999999998 0.1136700479786039
11.5299999999998 0.1237953907462675
11.5399999999998 0.1333889469836252
11.5499999999998 0.1424841193927759
11.5599999999998 0.1511404814125596
11.5699999999998 0.15947504905441
11.5799999999998 0.1676873541022793
11.5899999999998 0.175963342068149
11.5999999999998 0.1843968343981547
11.6099999999998 0.1930487528157278
11.6199999999998 0.2019959172390577
11.6299999999998 0.2113119282410172
11.6399999999998 0.2210515737836044
11.6499999999998 0.2312332269165856
11.6599999999998 0.2418247997074366
11.6699999999998 0.2527854225242084
11.6799999999998 0.2640996776660587
11.6899999999998 0.2757455743087673
11.6999999999998 0.2876684277745613
11.7099999999998 0.2997418211128721
11.7199999999998 0.3117363307641632
11.72999999999979 0.3234187466157304
11.73999999999979 0.3346333526309828
11.74999999999979 0.3453138506009857
11.75999999999979 0.3554923266001325
11.76999999999979 0.3651944616918301
11.77999999999979 0.3743538169209401
11.78999999999979 0.3829598389740597
11.79999999999979 0.3911785060876095
11.80999999999979 0.3992280245203229
11.81999999999979 0.4072765867762663
11.82999999999979 0.4154857110972263
11.83999999999979 0.4240457566538011
11.84999999999979 0.433085440388303
11.85999999999979 0.4425982975337495
11.86999999999979 0.4525334434435915
11.87999999999979 0.4628702398211219
11.88999999999979 0.4736188495810428
11.89999999999979 0.4848203767760208
11.90999999999979 0.4963996874938648
11.91999999999979 0.5080459585991534
11.92999999999979 0.5194655102617093
11.93999999999979 0.5305886106893952
11.94999999999979 0.5413824941894512
11.95999999999979 0.5516979494034107
11.96999999999979 0.5613989553968326
11.97999999999979 0.5704686705807662
11.98999999999979 0.5789871678687488
11.99999999999979 0.5871123247627859
12.00999999999979 0.594987879672253
12.01999999999979 0.6026682967139817
12.02999999999979 0.6101631654885984
12.03999999999979 0.617473960633797
12.04999999999979 0.6246013970589731
12.05999999999979 0.6315514704385752
12.06999999999979 0.6383412144314242
12.07999999999979 0.6450033306693264
12.08999999999979 0.6515723330021805
12.09999999999979 0.6580732095244138
12.10999999999979 0.6645236774976144
12.11999999999979 0.6709361178481785
12.12999999999979 0.6773016418342195
12.13999999999979 0.6835772641197744
12.14999999999979 0.689697663603443
12.15999999999979 0.695585035238936
12.16999999999979 0.7011606478042519
12.17999999999979 0.7063543325899281
12.18999999999979 0.7111149872726656
12.19999999999978 0.7154190165093139
12.20999999999978 0.7192657127109569
12.21999999999978 0.7226732772102557
12.22999999999978 0.7256835851814176
12.23999999999978 0.7283658757107869
12.24999999999978 0.7307793061792579
12.25999999999978 0.7329423891494885
12.26999999999978 0.7348342889541104
12.27999999999978 0.7363962322564375
12.28999999999978 0.7375673556846035
12.29999999999978 0.7383140563542294
12.30999999999978 0.7386253487637504
12.31999999999978 0.7385088412748758
12.32999999999978 0.7379773573362232
12.33999999999978 0.7370379156131615
12.34999999999978 0.735713396330363
12.35999999999978 0.734060110802644
12.36999999999978 0.7321528086009663
12.37999999999978 0.7300722145567676
12.38999999999978 0.727878958554955
12.39999999999978 0.7255923956061033
12.40999999999978 0.7232540510931644
12.41999999999978 0.7209793372389383
12.42999999999978 0.7189185953529816
12.43999999999978 0.7172248743039069
12.44999999999978 0.7160216776133173
12.45999999999978 0.7153768207371505
12.46999999999978 0.7153368848756216
12.47999999999978 0.7159556147673754
12.48999999999978 0.7171977498150534
12.49999999999978 0.7188611213096159
12.50999999999978 0.7207138421116514
12.51999999999978 0.7226068990332734
12.52999999999978 0.7244538013990366
12.53999999999978 0.7262133786229368
12.54999999999978 0.7278804763168135
12.55999999999978 0.7294780389591126
12.56999999999978 0.7310564033782238
12.57999999999978 0.7326924957775998
12.58999999999978 0.7344586815455881
12.59999999999978 0.7363973269042812
12.60999999999978 0.7385464898214731
12.61999999999978 0.7409610032504359
12.62999999999978 0.7436951962619359
12.63999999999978 0.7467887610379017
12.64999999999978 0.7502428018600578
12.65999999999978 0.7540005781794431
12.66999999999977 0.757966760391575
12.67999999999977 0.7620235341565697
12.68999999999977 0.7660524327169289
12.69999999999977 0.7699521993927136
12.70999999999977 0.7736295799616791
12.71999999999977 0.7769916920317004
12.72999999999977 0.7799623298236657
12.73999999999977 0.7824951355515019
12.74999999999977 0.7845866735877227
12.75999999999977 0.7862867178642028
12.76999999999977 0.7876770378208886
12.77999999999977 0.7888537178443954
12.78999999999977 0.7899035853784184
12.79999999999977 0.7908849783248388
12.80999999999977 0.7918414983271184
12.81999999999977 0.7928134064406598
12.82999999999977 0.793806338953778
12.83999999999977 0.7947660231308201
12.84999999999977 0.7956221686242441
12.85999999999977 0.7963245460214756
12.86999999999977 0.7968565416085942
12.87999999999977 0.7972459561491126
12.88999999999977 0.7975246823647738
12.89999999999977 0.7976956711623839
12.90999999999977 0.7977423638328214
12.91999999999977 0.7976366037934706
12.92999999999977 0.7973229028456952
12.93999999999977 0.7967058247629072
12.94999999999977 0.7956958950293523
12.95999999999977 0.7942471439881175
12.96999999999977 0.7923398788567369
12.97999999999977 0.7899663579238389
12.98999999999977 0.7871272125750078
12.99999999999977 0.7838284566303204
13.00999999999977 0.7800861292085608
13.01999999999977 0.7759300206022509
13.02999999999977 0.7714164044438715
13.03999999999977 0.7666382359084399
13.04999999999977 0.7617013960757377
13.05999999999977 0.7567051413717409
13.06999999999977 0.7517540194520507
13.07999999999977 0.7469675842447461
13.08999999999977 0.7424484159776145
13.09999999999977 0.7382561003078737
13.10999999999977 0.7344224034887353
13.11999999999977 0.7309639453366288
13.12999999999977 0.7278570119648146
13.13999999999976 0.7250172962653936
13.14999999999976 0.7223335596288624
13.15999999999976 0.7196954190726823
13.16999999999976 0.7169889311975531
13.17999999999976 0.7140929925868925
13.18999999999976 0.7109176423872836
13.19999999999976 0.7074351136940369
13.20999999999976 0.7036939833484703
13.21999999999976 0.6998300398634629
13.22999999999976 0.6959768923860029
13.23999999999976 0.692192792263104
13.24999999999976 0.6885054253960141
13.25999999999976 0.6849488338561525
13.26999999999976 0.6815696035431451
13.27999999999976 0.6784317954962362
13.28999999999976 0.6756154275882959
13.29999999999976 0.6732150703604489
13.30999999999976 0.6712969533777402
13.31999999999976 0.6698640977530186
13.32999999999976 0.6688897820001115
13.33999999999976 0.6683451973426861
13.34999999999976 0.66821006418067
13.35999999999976 0.6684812330354025
13.36999999999976 0.6690470858012558
13.37999999999976 0.669585706934186
13.38999999999976 0.6698098610863303
13.39999999999976 0.6696672255795504
13.40999999999976 0.6692465779846709
13.41999999999976 0.6686997379393608
13.42999999999976 0.6681951724542996
13.43999999999976 0.6678798860251883
13.44999999999976 0.6678459701011943
13.45999999999976 0.6681037389823934
13.46999999999976 0.6686431768583473
13.47999999999976 0.66948444303771
13.48999999999976 0.67064327808466
13.49999999999976 0.6721027450057853
13.50999999999976 0.6738393652217118
13.51999999999976 0.675844589427073
13.52999999999976 0.6780562874064383
13.53999999999976 0.6803031649564579
13.54999999999976 0.682412173788546
13.55999999999976 0.684296460938589
13.56999999999976 0.6859232196859195
13.57999999999976 0.6872868857865183
13.58999999999976 0.6884126239705428
13.59999999999976 0.6893589019994221
13.60999999999975 0.6902247880283068
13.61999999999975 0.691155550510606
13.62999999999975 0.6922690243127498
13.63999999999975 0.6935955746411503
13.64999999999975 0.6951262908399098
13.65999999999975 0.6968527831412708
13.66999999999975 0.6987413927970809
13.67999999999975 0.7007122985245843
13.68999999999975 0.7026398603767118
13.69999999999975 0.704353306111799
13.70999999999975 0.7056945334276951
13.71999999999975 0.7065653026119291
13.72999999999975 0.7069260034086057
13.73999999999975 0.70679410757008
13.74999999999975 0.7061954940375457
13.75999999999975 0.705124525296174
13.76999999999975 0.7035796921821058
13.77999999999975 0.7015927569921685
13.78999999999975 0.6991877605005781
13.79999999999975 0.6963475416274003
13.80999999999975 0.6930731421354928
13.81999999999975 0.689432279820121
13.82999999999975 0.6855362467240973
13.83999999999975 0.6815206156785305
13.84999999999975 0.6775077859148297
13.85999999999975 0.673576456944039
13.86999999999975 0.6697117476404255
13.87999999999975 0.6657652272963142
13.88999999999975 0.6615832518334158
13.89999999999975 0.657112079461191
13.90999999999975 0.6523361948172651
13.91999999999975 0.6472274850344836
13.92999999999975 0.641812969704748
13.93999999999975 0.6362297503798445
13.94999999999975 0.6306285742109441
13.95999999999975 0.6250947691625756
13.96999999999975 0.6196831269153196
13.97999999999975 0.6144467304713566
13.98999999999975 0.6094270090791687
13.99999999999975 0.6046456930597355
14.00999999999975 0.6001156409318194
14.01999999999975 0.5958497678289891
14.02999999999975 0.5917902660613362
14.03999999999975 0.587751286446518
14.04999999999975 0.5835448098939722
14.05999999999975 0.5790836721690876
14.06999999999974 0.5743595230795301
14.07999999999974 0.569424041569251
14.08999999999974 0.5643387445946502
14.09999999999974 0.5591337911823041
14.10999999999974 0.5538105077397206
14.11999999999974 0.5483437002922531
14.12999999999974 0.5427275437297398
14.13999999999974 0.537012958978522
14.14999999999974 0.5312706170670125
14.15999999999974 0.5255604676330981
14.16999999999974 0.5199301434557081
14.17999999999974 0.5144137639441204
14.18999999999974 0.5090193704197875
14.19999999999974 0.5037188811299057
14.20999999999974 0.4984814673841349
14.21999999999974 0.4933009095977394
14.22999999999974 0.4882027076573443
14.23999999999974 0.4832496283125534
14.24999999999974 0.4785090347486921
14.25999999999974 0.4740261195152052
14.26999999999974 0.4698279217313436
14.27999999999974 0.4659268010865374
14.28999999999974 0.4623129044805726
14.29999999999974 0.4589482225039993
14.30999999999974 0.4557729544250255
14.31999999999974 0.4527109372502227
14.32999999999974 0.4496628708301418
14.33999999999974 0.4465010007120915
14.34999999999974 0.44309212856587
14.35999999999974 0.4393165131948493
14.36999999999974 0.4350891773647561
14.37999999999974 0.4303770451822497
14.38999999999974 0.4251827161480437
14.39999999999974 0.4195308652392068
14.40999999999974 0.4134724333966963
14.41999999999974 0.4070878206968102
14.42999999999974 0.4004747204160656
14.43999999999974 0.3937379996024506
14.44999999999974 0.3869516117280001
14.45999999999974 0.38012769137819
14.46999999999974 0.373255475152975
14.47999999999974 0.3663333591421689
14.48999999999974 0.3593651441352466
14.49999999999974 0.3523569005251859
14.50999999999974 0.3453145037503683
14.51999999999974 0.3382416056946848
14.52999999999974 0.3311578592933114
14.53999999999973 0.3241136798817477
14.54999999999973 0.3171617338126825
14.55999999999973 0.3103335686940483
14.56999999999973 0.3036246582835002
14.57999999999973 0.2969824803182872
14.58999999999973 0.2903604983907021
14.59999999999973 0.2837622931581973
14.60999999999973 0.277216465675127
14.61999999999973 0.2707558664024694
14.62999999999973 0.2644112379961613
14.63999999999973 0.2582060338875472
14.64999999999973 0.2521183917236358
14.65999999999973 0.2460504224724067
14.66999999999973 0.2398999030370648
14.67999999999973 0.2336190112157272
14.68999999999973 0.2271857876412523
14.69999999999973 0.2205805496268517
14.70999999999973 0.2138154190060444
14.71999999999973 0.2069582143063413
14.72999999999973 0.2000976421160323
14.73999999999973 0.1933146214247671
14.74999999999973 0.1866391785658174
14.75999999999973 0.1800156287340348
14.76999999999973 0.1733770752315274
14.77999999999973 0.1667064811887108
14.78999999999973 0.1600248324817366
14.79999999999973 0.15338108304009
14.80999999999973 0.1468237928692871
14.81999999999973 0.1403779063376549
14.82999999999973 0.1340332382682895
14.83999999999973 0.1277353596811512
14.84999999999973 0.1214579007833407
14.85999999999973 0.1152614766064241
14.86999999999973 0.1092252791550577
14.87999999999973 0.1033909054581652
14.88999999999973 0.09777809448518389
14.89999999999973 0.09239780419136384
14.90999999999973 0.08725860116019384
14.91999999999973 0.08237191150835896
14.92999999999973 0.07776300745980609
14.93999999999973 0.07347987612764305
14.94999999999973 0.0695715551926694
14.95999999999973 0.06607039198334079
14.96999999999973 0.06297784765195368
14.97999999999973 0.06025316145911687
14.98999999999973 0.05784434054153516
14.99999999999973 0.05571363611058749
15.00999999999972 0.05383477042234033
15.01999999999972 0.05219056995172861
15.02999999999972 0.05074065478645288
15.03999999999972 0.04939520593424337
15.04999999999972 0.04804285274644957
15.05999999999972 0.04657370137022376
15.06999999999972 0.04489827900941515
15.07999999999972 0.04296285954835397
15.08999999999972 0.04076190996703008
15.09999999999972 0.03834784351074277
15.10999999999972 0.03580631511803067
15.11999999999972 0.03323569715570351
15.12999999999972 0.03071697514644712
15.13999999999972 0.02828926122909486
15.14999999999972 0.02599287173394489
15.15999999999972 0.02390457719535427
15.16999999999972 0.02204614534053235
15.17999999999972 0.02030997102865461
15.18999999999972 0.0185572760567866
15.19999999999972 0.01669877468931167
15.20999999999972 0.01468387187191341
15.21999999999972 0.01249146726941526
15.22999999999972 0.01011511410896191
15.23999999999972 0.007550735342083368
15.24999999999972 0.004804601953581145
15.25999999999972 0.001899769146773424
15.26999999999972 -0.001128659835532749
15.27999999999972 -0.00423751958141275
15.28999999999972 -0.007382555033158158
15.29999999999972 -0.0105241371104938
15.30999999999972 -0.01364628563981989
15.31999999999972 -0.01677202348767833
15.32999999999972 -0.01993651180284389
15.33999999999972 -0.02316494384227954
15.34999999999972 -0.02647618603238316
15.35999999999972 -0.02988581015915317
15.36999999999972 -0.03339086225390304
15.37999999999972 -0.03695755621416431
15.38999999999972 -0.04053708831045944
15.39999999999972 -0.04407871270533546
15.40999999999972 -0.04753704809140249
15.41999999999972 -0.05087800436277062
15.42999999999972 -0.05408085678263142
15.43999999999972 -0.05713981788258439
15.44999999999972 -0.06005659083664322
15.45999999999972 -0.06283420254182226
15.46999999999972 -0.06549494105279223
15.47999999999971 -0.06809486309480715
15.48999999999971 -0.07066971822013932
15.49999999999971 -0.07319086777428309
15.50999999999971 -0.07562601995668938
15.51999999999971 -0.07798898354392182
15.52999999999971 -0.08031312576457635
15.53999999999971 -0.08262947308538261
15.54999999999971 -0.08496361964110706
15.55999999999971 -0.08733325309844003
15.56999999999971 -0.08975579826361479
15.57999999999971 -0.09225468530034213
15.58999999999971 -0.09484826569259391
15.59999999999971 -0.09754079473837367
15.60999999999971 -0.1003186726766977
15.61999999999971 -0.1031475396986836
15.62999999999971 -0.1059929187325759
15.63999999999971 -0.1088371248256
15.64999999999971 -0.111650962565643
15.65999999999971 -0.1143706749692471
15.66999999999971 -0.1169255573987046
15.67999999999971 -0.1192606336567644
15.68999999999971 -0.1213322038686105
15.69999999999971 -0.1231041021105349
15.70999999999971 -0.1245684161757971
15.71999999999971 -0.1257621936248395
15.72999999999971 -0.1267583469232844
15.73999999999971 -0.1276578811561166
15.74999999999971 -0.128552790846736
15.75999999999971 -0.1294957641845101
15.76999999999971 -0.1304945917829368
15.77999999999971 -0.1315079893797139
15.78999999999971 -0.1324712658313778
15.79999999999971 -0.1333175381707019
15.80999999999971 -0.1340112086632721
15.81999999999971 -0.1345750754476819
15.82999999999971 -0.1350551715553841
15.83999999999971 -0.1354917617291468
15.84999999999971 -0.1359162007910679
15.85999999999971 -0.136348433492791
15.86999999999971 -0.1368073153935988
15.87999999999971 -0.1373190634102712
15.88999999999971 -0.1379201913879986
15.89999999999971 -0.138659813656992
15.90999999999971 -0.1395720979984612
15.91999999999971 -0.1406538475015574
15.92999999999971 -0.1418900357700779
15.93999999999971 -0.1432748156855575
15.9499999999997 -0.1448053016719417
15.9599999999997 -0.1464764538348705
15.9699999999997 -0.1482854796315991
15.9799999999997 -0.1502354195081424
15.9899999999997 -0.1523074119081795
15.9999999999997 -0.1544381926629119
16.0099999999997 -0.1565598603788021
16.01999999999971 -0.1586324756585284
16.02999999999971 -0.1606235597122447
16.03999999999971 -0.1624912501842239
16.04999999999971 -0.1641800182662849
16.05999999999971 -0.1656172922251799
16.06999999999971 -0.1667450398528005
16.07999999999971 -0.1675454944006184
16.08999999999972 -0.168021118144188
16.09999999999972 -0.168178020384617
16.10999999999972 -0.1680281278409224
16.11999999999972 -0.1675909099984858
16.12999999999972 -0.1669190636045748
16.13999999999972 -0.1661192361111818
16.14999999999973 -0.1652685996125535
16.15999999999973 -0.1643468242861453
16.16999999999973 -0.1633058449812093
16.17999999999973 -0.1621272205310243
16.18999999999973 -0.1608173209519439
16.19999999999973 -0.1594031595925779
16.20999999999973 -0.1579181735372397
16.21999999999974 -0.1563905226230301
16.22999999999974 -0.1548325483391421
16.23999999999974 -0.1532322869273066
16.24999999999974 -0.1515837171151295
16.25999999999974 -0.1499114670548526
16.26999999999974 -0.14824108798687
16.27999999999975 -0.1465747143736724
16.28999999999975 -0.1448954239489565
16.29999999999975 -0.1431709841911229
16.30999999999975 -0.1413678331958962
16.31999999999975 -0.1394625429368266
16.32999999999975 -0.1374596706137871
16.33999999999976 -0.1354061258306201
16.34999999999976 -0.1333353088563482
16.35999999999976 -0.1312215135592757
16.36999999999976 -0.1290302919463138
16.37999999999976 -0.1267597696128635
16.38999999999976 -0.1244102976198898
16.39999999999976 -0.1219595962496146
16.40999999999977 -0.1193770438535239
16.41999999999977 -0.1166354539201679
16.42999999999977 -0.1137093639979857
16.43999999999977 -0.1105736212705049
16.44999999999977 -0.1072245970671057
16.45999999999977 -0.1036973564083747
16.46999999999978 -0.100039087318034
16.47999999999978 -0.09628723557999139
16.48999999999978 -0.09247593587881463
16.49999999999978 -0.08864129836091396
16.50999999999978 -0.08481633311629279
16.51999999999978 -0.08102681261643202
16.52999999999978 -0.07726577374798498
16.53999999999979 -0.07347292904930859
16.54999999999979 -0.06960596480687203
16.55999999999979 -0.06569872754697798
16.56999999999979 -0.06179387136604929
16.57999999999979 -0.05788762410997297
16.58999999999979 -0.05396013519386643
16.5999999999998 -0.05000044471788934
16.6099999999998 -0.04601865950254359
16.6199999999998 -0.04205571734416225
16.6299999999998 -0.03816315656477812
16.6399999999998 -0.03438645146361687
16.6499999999998 -0.03076536800857342
16.65999999999981 -0.02733430308170305
16.66999999999981 -0.02413520331704716
16.67999999999981 -0.02122807150104923
16.68999999999981 -0.01865265132518505
16.69999999999981 -0.01639724973686092
16.70999999999981 -0.01442335937362526
16.71999999999981 -0.01268606452130172
16.72999999999982 -0.0111405263329691
16.73999999999982 -0.009747301013897123
16.74999999999982 -0.008470080016634237
16.75999999999982 -0.007273824213057862
16.76999999999982 -0.006124348874312692
16.77999999999982 -0.004987990055949744
16.78999999999983 -0.003833758925866468
16.79999999999983 -0.002635095251355813
16.80999999999983 -0.001366800132159047
16.81999999999983 -2.526379095766521e-006
16.82999999999983 0.001477314979020879
16.83999999999983 0.003079131786967434
16.84999999999983 0.004793322043340728
16.85999999999984 0.006592093899363338
16.86999999999984 0.008455943024056221
16.87999999999984 0.01039524488795623
16.88999999999984 0.01242699196306558
16.89999999999984 0.01455568730663023
16.90999999999984 0.0167891215844654
16.91999999999985 0.01915125777307216
16.92999999999985 0.02165848141718705
16.93999999999985 0.02430023038318987
16.94999999999985 0.02706638179546113
16.95999999999985 0.02996967163357443
16.96999999999985 0.03303136182792847
16.97999999999986 0.03626943657831699
16.98999999999986 0.03969636582692855
16.99999999999986 0.0433173318321395
17.00999999999986 0.0471214865769443
17.01999999999986 0.05107494794251488
17.02999999999986 0.05516133139904492
17.03999999999986 0.05941477695135895
17.04999999999987 0.0638687321808529
17.05999999999987 0.06851403783462488
17.06999999999987 0.07332504989796181
17.07999999999987 0.07828117574917029
17.08999999999987 0.0833659512672265
17.09999999999987 0.08856624893417954
17.10999999999988 0.09387226490136823
17.11999999999988 0.09927747700533682
17.12999999999988 0.1047808933636931
17.13999999999988 0.1103888395889348
17.14999999999988 0.1160925380708082
17.15999999999988 0.1218498865632027
17.16999999999988 0.1276316340329826
17.17999999999989 0.133459057434684
17.18999999999989 0.1393521662060312
17.19999999999989 0.1452873080761266
17.20999999999989 0.1512225157453036
17.21999999999989 0.1571184160006574
17.22999999999989 0.1629528819305543
17.2399999999999 0.1687328663813505
17.2499999999999 0.1744570988853312
17.2599999999999 0.1800856218383023
17.2699999999999 0.1855697454906895
17.2799999999999 0.1908766489781448
17.2899999999999 0.1959892570484491
17.29999999999991 0.2009060121659313
17.30999999999991 0.2056377266466174
17.31999999999991 0.2102049094167968
17.32999999999991 0.2146298119618233
17.33999999999991 0.2189299102741768
17.34999999999991 0.2231221903711564
17.35999999999991 0.2272266688893016
17.36999999999992 0.2312367416785336
17.37999999999992 0.235095159449443
17.38999999999992 0.2387595277959927
17.39999999999992 0.2422557951932403
17.40999999999992 0.2456325442495379
17.41999999999992 0.2489233721223617
17.42999999999993 0.2521543466341051
17.43999999999993 0.2553501783705892
17.44999999999993 0.258533098613369
17.45999999999993 0.2617219612183888
17.46999999999993 0.2649170324400937
17.47999999999993 0.2680877042631604
17.48999999999993 0.2711922980449475
17.49999999999994 0.2741943698652981
17.50999999999994 0.2770671496179599
17.51999999999994 0.2797970797630676
17.52999999999994 0.2823891621876777
17.53999999999994 0.2848711599240915
17.54999999999994 0.2872619673769941
17.55999999999995 0.289545792587657
17.56999999999995 0.2917055879045243
17.57999999999995 0.2937504221350626
17.58999999999995 0.2957137714386212
17.59999999999995 0.2976518947019886
17.60999999999995 0.2996155887767419
17.61999999999996 0.301627114293112
17.62999999999996 0.3037035862621691
17.63999999999996 0.3058761669570361
17.64999999999996 0.308159009232682
17.65999999999996 0.3105239882577328
17.66999999999996 0.3129511146282397
17.67999999999996 0.3154697299816664
17.68999999999997 0.3181276678393282
17.69999999999997 0.3209658435904256
17.70999999999997 0.3239867631594448
17.71999999999997 0.3271290957640805
17.72999999999997 0.3303038706037071
17.73999999999997 0.3334243610274419
17.74999999999998 0.3364335291783523
17.75999999999998 0.3393262254293997
17.76999999999998 0.342127216102346
17.77999999999998 0.3448729276692788
17.78999999999998 0.3475803135527773
17.79999999999998 0.3502215461442534
17.80999999999999 0.3527566369516058
17.81999999999999 0.3551602491327325
17.82999999999999 0.3574177848218423
17.83999999999999 0.3595220830711287
17.84999999999999 0.3614887160620349
17.85999999999999 0.3633683012961096
17.86999999999999 0.3652196596805977
17.88 0.3670877644771761
17.89 0.3690055285266967
17.9 0.3709953719810306
17.91 0.3730767370438914
17.92 0.3752722616093515
17.93 0.3776207164699404
17.94000000000001 0.3801874446752583
17.95000000000001 0.3830078326501867
17.96000000000001 0.386041303817359
17.97000000000001 0.3892217710102169
17.98000000000001 0.3924991652223545
17.99000000000001 0.3958219551474742
18.00000000000001 0.3991228499143952
18.01000000000002 0.4023528199438551
18.02000000000002 0.4055087812663836
18.03000000000002 0.4086129478582653
18.04000000000002 0.4116957027191787
18.05000000000002 0.4147792218155241
18.06000000000002 0.4178641476340123
18.07000000000003 0.4209273566726579
18.08000000000003 0.4239203535997542
18.09000000000003 0.4267943463186376
18.10000000000003 0.4295207837094626
18.11000000000003 0.4321049083592827
18.12000000000003 0.4345965589700334
18.13000000000004 0.4370457764883648
18.14000000000004 0.4394664714249549
18.15000000000004 0.4418517076892939
18.16000000000004 0.4441864105186034
18.17000000000004 0.446454635968186
18.18000000000004 0.4486455352500233
18.19000000000004 0.4507460172324976
18.20000000000005 0.4527347657540372
18.21000000000005 0.4546081222174151
18.22000000000005 0.4564011136651117
18.23000000000005 0.4581522928609207
18.24000000000005 0.4598749229349739
18.25000000000005 0.461554828831704
18.26000000000006 0.4631488832699967
18.27000000000006 0.4646239309615126
18.28000000000006 0.4659885550229167
18.29000000000006 0.4672689576338825
18.30000000000006 0.4684890483469675
18.31000000000006 0.4696669137361371
18.32000000000006 0.4708119718630019
18.33000000000007 0.4719304165038321
18.34000000000007 0.4730296947952696
18.35000000000007 0.4741171618654204
18.36000000000007 0.4751989728069495
18.37000000000007 0.4762964591018301
18.38000000000007 0.4774593902878473
18.39000000000008 0.4787386709229604
18.40000000000008 0.4801639755345123
18.41000000000008 0.4817501854557257
18.42000000000008 0.4835027894639085
18.43000000000008 0.4853963196646309
18.44000000000008 0.4873569793766778
18.45000000000009 0.4893165223700226
18.46000000000009 0.491256309069623
18.47000000000009 0.4931647314405397
18.48000000000009 0.4950023004944892
18.49000000000009 0.49672093734922
18.50000000000009 0.4982798470033577
18.51000000000009 0.499655868092773
18.5200000000001 0.5008517902888259
18.5300000000001 0.5018814567766048
18.5400000000001 0.5027574742686835
18.5500000000001 0.5034813840812483
18.5600000000001 0.5040357215273688
18.5700000000001 0.5043957371415047
18.58000000000011 0.5045390617110482
18.59000000000011 0.5044454607773465
18.60000000000011 0.5040966170206054
18.61000000000011 0.5034811566270524
18.62000000000011 0.5025987020229993
18.63000000000011 0.5014501755690902
18.64000000000011 0.5000298501498368
18.65000000000012 0.4983311202745774
18.66000000000012 0.4963512329485462
18.67000000000012 0.4940834296297585
18.68000000000012 0.491510548376584
18.69000000000012 0.488629959862869
18.70000000000012 0.4854738468457295
18.71000000000013 0.4820887409360789
18.72000000000013 0.4785186414655857
18.73000000000013 0.4747910142419505
18.74000000000013 0.4709054822864315
18.75000000000013 0.466853858424854
18.76000000000013 0.4626366188861084
18.77000000000014 0.4582691520390859
18.78000000000014 0.4537867437052779
18.79000000000014 0.4492269684720745
18.80000000000014 0.4446152603858125
18.81000000000014 0.4399587751310934
18.82000000000014 0.4352415370662756
18.83000000000014 0.4304469374769126
18.84000000000015 0.4255761620492775
18.85000000000015 0.4206369991658289
18.86000000000015 0.4156346218938642
18.87000000000015 0.4105604166924011
18.88000000000015 0.4053829650618455
18.89000000000015 0.4000681691286712
18.90000000000016 0.3945957496125815
18.91000000000016 0.3889536311400079
18.92000000000016 0.3831332680767091
18.93000000000016 0.3771312044986185
18.94000000000016 0.3709502988171903
18.95000000000016 0.3646011656706935
18.96000000000016 0.3581032773354871
18.97000000000017 0.3514825125581326
18.98000000000017 0.3447690814300946
18.99000000000017 0.3379874186436616
19.00000000000017 0.3311479507097792
19.01000000000017 0.3242646005733485
19.02000000000017 0.3173690723501618
19.03000000000018 0.310498319491168
19.04000000000018 0.3036842215289186
19.05000000000018 0.2969496861935204
19.06000000000018 0.290305526384184
19.07000000000018 0.2837671564170788
19.08000000000018 0.2773682103633516
19.09000000000019 0.2711484527066707
19.10000000000019 0.2651438226567054
19.11000000000019 0.2593753133883415
19.12000000000019 0.2538400029848189
19.13000000000019 0.248523735477581
19.14000000000019 0.2434116049347744
19.15000000000019 0.2384967363085151
19.1600000000002 0.2337874053268811
19.1700000000002 0.2292894664860935
19.1800000000002 0.224991998309576
19.1900000000002 0.2208766149333447
19.2000000000002 0.2169251661341476
19.2100000000002 0.2131366212325452
19.22000000000021 0.2095407463363696
19.23000000000021 0.206155036377126
19.24000000000021 0.2029495834133904
19.25000000000021 0.1998721281297855
19.26000000000021 0.1968687816362358
19.27000000000021 0.1939021158736579
19.28000000000021 0.1909658341365742
19.29000000000022 0.188073886903405
19.30000000000022 0.1852513879742951
19.31000000000022 0.1825018605527343
19.32000000000022 0.1797806282556881
19.33000000000022 0.1770301914386801
19.34000000000022 0.1742093071986975
19.35000000000023 0.1712857105038385
19.36000000000023 0.1682300765412715
19.37000000000023 0.1650341584346111
19.38000000000023 0.1617254431902223
19.39000000000023 0.1583434127596694
19.40000000000023 0.1549200001746832
19.41000000000024 0.1514690351426797
19.42000000000024 0.1479777642227775
19.43000000000024 0.1444196854969173
19.44000000000024 0.1407651742580377
19.45000000000024 0.1370027193840176
19.46000000000024 0.1331561371186266
19.47000000000024 0.1292723895837593
19.48000000000025 0.1254113974121249
19.49000000000025 0.1216031053438567
19.50000000000025 0.1178126032867876
19.51000000000025 0.1139756982072953
19.52000000000025 0.1100282949231491
19.53000000000025 0.105939713405822
19.54000000000026 0.1017396568357401
19.55000000000026 0.09745733317213083
19.56000000000026 0.09307162439313474
19.57000000000026 0.08854256368019685
19.58000000000026 0.08383727451074594
19.59000000000026 0.07893537358851559
19.60000000000026 0.07383328279730045
19.61000000000027 0.0685600665970505
19.62000000000027 0.06319010377846143
19.63000000000027 0.05779733996657643
19.64000000000027 0.05241784679953854
19.65000000000027 0.04707568725304022
19.66000000000027 0.0418042015030811
19.67000000000028 0.03663873950362596
19.68000000000028 0.03161069668548984
19.69000000000028 0.02674467317559873
19.70000000000028 0.02205621169290842
19.71000000000028 0.01753537165160622
19.72000000000028 0.01313351395829092
19.73000000000029 0.008790355736617388
19.74000000000029 0.004456209511788252
19.75000000000029 0.0001111264073982105
19.76000000000029 -0.004219717659051146
19.77000000000029 -0.0084954889038697
19.78000000000029 -0.01268396612229439
19.79000000000029 -0.01678070072723648
19.8000000000003 -0.02082445504533043
19.8100000000003 -0.02485953863161607
19.8200000000003 -0.02890493112318085
19.8300000000003 -0.03294155727621635
19.8400000000003 -0.03690221822496438
19.8500000000003 -0.04073227088240658
19.86000000000031 -0.04443918657628948
19.87000000000031 -0.04805979962692414
19.88000000000031 -0.05163322962407081
19.89000000000031 -0.05519589886146771
19.90000000000031 -0.05877747493526405
19.91000000000031 -0.06239631502117013
19.92000000000031 -0.06605583433640277
19.93000000000032 -0.06975528501413783
19.94000000000032 -0.07349861125585662
19.95000000000032 -0.07727621907546434
19.96000000000032 -0.08105016974582212
19.97000000000032 -0.08477980709457536
19.98000000000032 -0.08844275532040015
19.99000000000033 -0.09202913592259089
20.00000000000033 -0.0955367159527359
